[0.6115116638062843, 0.13290920421346025, 0.2555791319802552]
###############
[array([1.13576   , 1.14136854, 2.3494471 ]), array([0.6611609 , 2.08970893, 1.31823065]), array([1.25150842, 1.59792538, 2.24201217])]
[array([1. , 1.5, 2. ]), array([1. , 1.5, 2. ]), array([1. , 1.5, 2. ])]
###############
[array([[ 2.34639803,  0.19813634, -0.18519964],
       [ 0.19813634,  1.54628781, -0.31061243],
       [-0.18519964, -0.31061243,  1.67673447]]), array([[ 0.91227975,  0.29859164, -0.2585142 ],
       [ 0.29859164,  0.33853677,  0.01562757],
       [-0.2585142 ,  0.01562757,  0.15052923]]), array([[ 3.61314976, -0.91804523,  1.4161787 ],
       [-0.91804523,  1.66899233,  0.93549893],
       [ 1.4161787 ,  0.93549893,  2.36328476]])]
[array([[1., 0., 0.],
       [0., 1., 0.],
       [0., 0., 1.]]), array([[2., 0., 0.],
       [0., 2., 0.],
       [0., 0., 2.]]), array([[3., 0., 0.],
       [0., 3., 0.],
       [0., 0., 3.]])]

[0.5657441983072296, 0.35874151153348355, 0.07551429015928694]
###############
array([1.24862822, 0.85124553, 2.34586307]), array([0.56333693, 1.84112894, 1.79057959]), array([1.06122074, 2.46970706, 1.9619489 ])]
array([1. , 1.5, 2. ]), array([1. , 1.5, 2. ]), array([1. , 1.5, 2. ])]
###############
array([[ 1.86587728,  0.31412159, -0.65857513],
      [ 0.31412159,  0.86482976, -0.06210683],
      [-0.65857513, -0.06210683,  1.82956402]]), array([[ 1.94335835, -0.16769867,  1.62606362],
      [-0.16769867,  2.88488244, -0.01483021],
      [ 1.62606362, -0.01483021,  2.15076252]]), array([[ 1.10387062,  0.3438122 , -0.80953608],
      [ 0.3438122 ,  0.11487461, -0.26587251],
      [-0.80953608, -0.26587251,  0.68082937]])]
[array([[1., 0., 0.],
      [0., 1., 0.],
      [0., 0., 1.]]), array([[2., 0., 0.],
      [0., 2., 0.],
      [0., 0., 2.]]), array([[3., 0., 0.],
      [0., 3., 0.],
      [0., 0., 3.]])]
